<<<<<<< HEAD
12 12
0 0 0 0 0 0 0 0 0 0 0 1
0 1 1 1 1 1 0 0 0 0 0 1
0 0 0 0 0 0 0 1 0 0 0 1
0 1 0 0 0 0 0 0 0 0 0 0
0 1 0 0 0 1 0 1 0 0 0 0
0 1 0 1 1 1 1 1 1 0 0 0
0 0 0 1 0 0 0 0 0 0 0 0
0 0 0 1 0 1 0 1 0 0 0 0
0 0 0 1 1 1 0 1 0 0 0 1
0 0 0 0 0 0 0 1 0 0 0 1
0 0 0 0 0 0 0 1 0 0 0 0
0 1 1 0 0 0 0 0 0 0 0 0
=======
12 12
0 0 0 0 0 0 0 0 0 0 0 1
0 1 1 1 1 1 0 0 0 0 0 1
0 0 0 0 0 0 0 1 0 0 0 1
0 1 0 0 0 0 0 0 0 0 0 0
0 1 0 0 0 0 0 0 0 0 0 0
0 1 0 1 1 1 1 1 1 0 0 0
0 0 0 0 0 0 0 0 0 0 0 0
0 0 0 0 0 0 0 1 0 0 0 0
0 0 0 0 0 0 0 1 0 0 0 1
0 0 0 0 0 0 0 1 0 0 0 1
0 0 0 0 0 0 0 1 0 0 0 0
0 1 1 0 0 0 0 0 0 0 0 0
>>>>>>> d4a9429d8f2eeba9daf04fa2d85d8eb63d449416
