Coords -

        np.array([
            [0, 0, 0], [1.5, 0, 0], [0, -1.5, 0], [0, 0, 1.5]
        ])
        
        np.array([
            [0, 1], [0, 2], [0, 3]
        ])


Cube -

        np.array([
            [-1, -1, -1], [-1, 1, -1], [1, 1, -1], [1, -1, -1],
            [-1, -1, 1], [-1, 1, 1], [1, 1, 1], [1, -1, 1]
        ])
        
        np.array([
            [0, 1], [1, 2], [2, 3], [3, 0],
            [4, 5], [5, 6], [6, 7], [7, 4],
            [0, 4], [1, 5], [2, 6], [3, 7]
        ])


Tryangle -

        np.array([
            [1, 1, 1], [0, -1, 0], [-1, 1, 1], [-1, 1, -1], [1, 1, -1]
        ])
        
        np.array([
            [1, 0], [1, 2], [1, 3], [1, 4],
            [0, 2], [2, 3], [3, 4], [4, 0]
        ])


Crystal - 

	  np.array([
            [-2, -1.5, -1], [-1, -1.5, -2], [1, -1.5, -2], [2, -1.5, -1], [2, -1.5, 1], [1, -1.5, 2], [-1, -1.5, 2], [-2, -1.5, 1],
            [-2, 1.5, -1], [-1, 1.5, -2], [1, 1.5, -2], [2, 1.5, -1], [2, 1.5, 1], [1, 1.5, 2], [-1, 1.5, 2], [-2, 1.5, 1],
            [0, 3.5, 0], [0, -3.5, 0]
        ]),
        
        np.array([
            [0, 1], [1, 2], [2, 3], [3, 4], [4, 5], [5, 6], [6, 7], [7, 0],
            [8, 9], [9, 10], [10, 11], [11, 12], [12, 13], [13, 14], [14, 15], [15, 8],
            [0, 8], [1, 9], [2, 10], [3, 11], [4, 12], [5, 13], [6, 14], [7, 15],
            [0, 17], [1, 17], [2, 17], [3, 17], [4, 17], [5, 17], [6, 17], [7, 17],
            [8, 16], [9, 16], [10, 16], [11, 16], [12, 16], [13, 16], [14, 16], [15, 16],
        ]))


Crystall in walls (strange) -

	  np.array([
            [-2, -1, -1], [-1, -1, -2], [1, -1, -2], [2, -1, -1], [2, -1, 1], [1, -1, 2], [-1, -1, 2], [-2, -1, 1],
            [-2, 1, -1], [-1, 1, -2], [1, 1, -2], [2, 1, -1], [2, 1, 1], [1, 1, 2], [-1, 1, 2], [-2, 1, 1],
            [0, 2, 0], [0, -2, 0]
        ]),
        
        np.array([
            [0, 1], [1, 2], [2, 3], [3, 4], [4, 5], [5, 6], [6, 7], [7, 0],
            [8, 9], [9, 10], [10, 11], [11, 12], [12, 13], [13, 14], [14, 15], [15, 8],
            [0, 8], [1, 9], [2, 10], [3, 11], [4, 12], [5, 13], [6, 14], [7, 15],
            [0, 16], [1, 16], [2, 16], [3, 16], [4, 16], [5, 16], [6, 16], [7, 16],
            [8, 17], [9, 17], [10, 17], [11, 17], [12, 17], [13, 17], [14, 17], [15, 17],
        ]))